name: ['elbow_joint', 'shoulder_lift_joint', 'shoulder_pan_joint', 'wrist_1_joint', 'wrist_2_joint', 'wrist_3_joint']
position: [0.7498621056618813, -0.9065320825797771, 0.9521113579551601, -0.8176459283061543, 1.1322874366366973, 0.44111315519150374]

position: [0.7275086122303955, -0.8032840078752788, 1.985245876551879, -0.7749373140050988, 1.8143981845360102, -0.36476032641438394]

position: [1.406140377739991, -1.0199954063618017, 2.0368537871144063, -1.2434676663968656, 1.8464052377476499, -0.4006549195327187]

position: [1.4085687821202733, -0.8864630354676404, 1.9988048961314355, -2.0680578809159718, 1.517141096070917, -0.4178686867959831]


